

Dados_graus_dias_diario = [
1	4	0
2	5.5	4
3	5.5	9.5
4	5.5	15
5	5.5	20.5
6	4	26
7	4.5	30
8	5	34.5
9	5.5	39.5
10	4.5	45
11	3.5	49.5
12	5.5	53
13	5	58.5
14	5.5	63.5
15	4.5	69
16	5	73.5
17	6	78.5
18	5.5	84.5
19	7	90
20	7.5	97
21	6.5	104.5
22	6.5	111
23	5.5	117.5
24	6.5	123
25	4	129.5
26	6	133.5
27	5.5	139.5
28	6.5	145
29	5.5	151.5
30	5	157
31	4.5	162
32	5.5	166.5
33	6.5	172
34	6	178.5
35	5.5	184.5
36	5.5	190
37	5.5	195.5
38	5	201
39	3	206
40	3.5	209
41	5	212.5
42	6	217.5
43	7	223.5
44	5.5	230.5
45	5.5	236
46	6	241.5
47	6.5	247.5
48	6.5	254
49	2.5	260.5
50	5	263
51	5.5	268
52	4.5	273.5
53	4.5	278
54	6.5	282.5
55	5	289
56	5	294
57	6	299
58	5	305
59	4.5	310
60	4	314.5
61	3.5	318.5
62	5.5	322
63	5.5	327.5
64	4.5	333
65	3	337.5
66	4	340.5
67	5	344.5
68	6	349.5
69	5	355.5
70	5.5	360.5
71	4.5	366
72	5.5	370.5
73	5.5	376
74	4	381.5
75	5	385.5
76	5.5	390.5
77	4.5	396
78	4.5	400.5
79	6	405
80	5.5	411
81	5.5	416.5
82	6	422
83	7	428
84	6	435
85	4.5	441
86	4.5	445.5
87	6	450
88	6	456
89	5	462
90	5	467
91	5.5	472
92	6.5	477.5
93	6	484
94	5	490
95	5	495
96	6	500
97	5.5	506
98	6.5	511.5
99	6.5	518
100	6	524.5
101	6.5	530.5
102	6	537
103	5.5	543
104	5.5	548.5
105	6.5	554
106	4.5	560.5
107	5.5	565
108	5.5	570.5
109	3.5	576
110	4	579.5
111	5	583.5
112	4.5	588.5
113	5	593
114	5.5	598
115	3.5	603.5
116	5	607
117	6	612
118	1.5	618
119	5	619.5
120	5	624.5
121	6	629.5
122	5	635.5
123	6.5	640.5
124	6	647
125	4	653
126	4.5	657
127	4	661.5
128	5.5	665.5
129	6	671
130	5.5	677
131	7	682.5
132	6.5	689.5
133	5	696
134	5.5	701
135	6.5	706.5
136	6	713
137	4	719
138	4	723
139	6	727
140	4	733
141	5	737
142	6	742
143	5.5	748
144	5.5	753.5
145	5.5	759
146	5	764.5
147	7	769.5
148	5.5	776.5
149	5.5	782
150	5	787.5
151	4	792.5
152	2	796.5
153	3.5	798.5
154	3	802
155	5	805
156	5	810
157	4.5	815
158	3	819.5
159	5	822.5
160	4.5	827.5
161	6	832
162	3.5	838
163	5	841.5
164	4	846.5
165	4.5	850.5
166	5.5	855
167	5	860.5
168	4	865.5
169	4	869.5
170	4	873.5
171	3.5	877.5
172	5	881
173	5.5	886
174	4.5	891.5
175	5	896
176	4.5	901
177	4	905.5
178	4.5	909.5
179	4.5	914
180	5	918.5
181	4	923.5
182	5.5	927.5
183	5	933
184	6	938
185	6.5	944
186	5	950.5
187	5	955.5
188	6	960.5
189	4.5	966.5
190	5	971
191	5.5	976
192	4.5	981.5
193	4.5	986
194	6.5	990.5
195	5.5	997
196	5	1002.5
197	5.5	1007.5
198	5	1013
199	2.5	1018
200	5	1020.5
201	5.5	1025.5
202	5.5	1031
203	5.5	1036.5
204	3	1042
205	5.5	1045
206	3.5	1050.5
207	4	1054
208	4.5	1058
209	4.5	1062.5
210	4.5	1067
211	6	1071.5
212	4.5	1077.5
213	5	1082
214	5.5	1087
215	5.5	1092.5
216	5.5	1098
217	6	1103.5
218	4	1109.5
219	5	1113.5
220	6	1118.5
221	4.5	1124.5
222	6.5	1129
223	5.5	1135.5
224	5.5	1141
225	4	1146.5
226	5.5	1150.5
227	5	1156
228	6.5	1161
229	7	1167.5
230	6	1174.5
231	6	1180.5
232	4	1186.5
233	5	1190.5
234	5.5	1195.5
235	2	1201
236	6	1203
237	4.5	1209
238	5.5	1213.5
239	6.5	1219
240	4	1225.5
241	6	1229.5
242	6.5	1235.5
243	5.5	1242
244	6	1247.5
245	5.5	1253.5
246	7	1259
247	6.5	1266
248	6	1272.5
249	5.5	1278.5
250	6	1284
251	7	1290
252	7	1297
253	6.5	1304
254	5	1310.5
255	7	1315.5
256	6.5	1322.5
257	6	1329
258	6	1335
259	3.5	1341
260	4.5	1344.5
261	5	1349
262	4.5	1354
263	4	1358.5
264	4	1362.5
265	5.5	1366.5
266	5	1372
267	5	1377
268	5.5	1382
269	7	1387.5
270	7	1394.5
271	5	1401.5
272	4.5	1406.5
273	5	1411
274	5	1416
275	5	1421
276	7	1426
277	4.5	1433
278	4.5	1437.5
279	5.5	1442
280	7	1447.5
281	5	1454.5
282	6	1459.5
283	7	1465.5
284	6	1472.5
285	4	1478.5
286	3.5	1482.5
287	6.5	1486
288	4	1492.5
289	6	1496.5
290	4	1502.5
291	5.5	1506.5
292	6	1512
293	4	1518
294	5	1522
295	5	1527
296	6.5	1532
297	2.5	1538.5
298	4.5	1541
299	1.5	1545.5
300	4.5	1547
301	4.5	1551.5
302	3.5	1556
303	5.5	1559.5
304	5.5	1565
305	5.5	1570.5
306	4.5	1576
307	6.5	1580.5
308	5	1587
309	5	1592
310	5.5	1597
311	6	1602.5
312	5	1608.5
313	4	1613.5
314	5	1617.5
315	5	1622.5
316	0.5	1627.5
317	3.5	1628
318	4.5	1631.5
319	5.5	1636
320	6	1641.5
321	5.5	1647.5
322	5	1653
323	5	1658
324	6	1663
325	6	1669
326	5	1675
327	5	1680
328	6	1685
329	6	1691
330	6	1697
331	3	1703
332	5	1706
333	5	1711
334	4	1716
335	3.5	1720
336	4	1723.5
337	4.5	1727.5
338	3	1732
339	4.5	1735
340	4.5	1739.5
341	4.5	1744
342	4.5	1748.5
343	5	1753
344	5	1758
345	5.5	1763
346	5	1768.5
347	5	1773.5
348	5	1778.5
349	5.5	1783.5
350	6	1789
351	6	1795
352	5	1801
353	6	1806
354	5.5	1812
355	6.5	1817.5
356	6	1824
357	7	1830
358	4.5	1837
359	6	1841.5
360	5.5	1847.5
361	4.5	1853
362	6	1857.5
363	6	1863.5
364	6	1869.5
365	4	1875.5
366	4	1879.5
367	5.5	1883.5
368	5.5	1889
369	5.5	1894.5
370	5.5	1900
371	4	1905.5
372	4.5	1909.5
373	5	1914
374	5.5	1919
375	4.5	1924.5
376	3.5	1929
377	5.5	1932.5
378	5	1938
379	5.5	1943
380	4.5	1948.5
381	5	1953
382	6	1958
383	5.5	1964
384	7	1969.5
385	7.5	1976.5
386	6.5	1984
387	6.5	1990.5
388	5.5	1997
389	6.5	2002.5
390	4	2009
391	6	2013
392	5.5	2019
393	6.5	2024.5
394	5.5	2031
395	5	2036.5
396	4.5	2041.5
397	5.5	2046
398	6.5	2051.5
399	6	2058
400	5.5	2064
401	5.5	2069.5
402	5.5	2075
403	5	2080.5
404	3	2085.5
405	3.5	2088.5
406	5	2092
407	6	2097
408	7	2103
409	5.5	2110
410	5.5	2115.5
411	6	2121
412	6.5	2127
413	6.5	2133.5
414	2.5	2140
415	5	2142.5
416	5.5	2147.5
417	4.5	2153
418	4.5	2157.5
419	6.5	2162
420	5	2168.5
421	5	2173.5
422	6	2178.5
423	5	2184.5
424	4.5	2189.5
425	4	2194
426	3.5	2198
427	5.5	2201.5
428	5.5	2207
429	4.5	2212.5
430	3	2217
431	4	2220
432	5	2224
433	6	2229
434	5	2235
435	5.5	2240
436	4.5	2245.5
437	5.5	2250
438	5.5	2255.5
439	4	2261
440	5	2265
441	5.5	2270
442	4.5	2275.5
443	4.5	2280
444	6	2284.5
445	5.5	2290.5
446	5.5	2296
447	6	2301.5
448	7	2307.5
449	6	2314.5
450	4.5	2320.5
451	4.5	2325
452	6	2329.5
453	6	2335.5
454	5	2341.5
455	5	2346.5
456	5.5	2351.5
457	6.5	2357
458	6	2363.5
459	5	2369.5
460	5	2374.5
461	6	2379.5
462	5.5	2385.5
463	6.5	2391
464	6.5	2397.5
465	6	2404
466	6.5	2410
467	6	2416.5
468	5.5	2422.5
469	5.5	2428
470	6.5	2433.5
471	4.5	2440
472	5.5	2444.5
473	5.5	2450
474	3.5	2455.5
475	4	2459
476	5	2463
477	4.5	2468
478	5	2472.5
479	5.5	2477.5
480	3.5	2483
481	5	2486.5
482	6	2491.5
483	1.5	2497.5
484	5	2499
485	5	2504
486	6	2509
487	5	2515
488	6.5	2520
489	6	2526.5
490	4	2532.5
491	4.5	2536.5
492	4	2541
493	5.5	2545
494	6	2550.5
495	5.5	2556.5
496	7	2562
497	6.5	2569
498	5	2575.5
499	5.5	2580.5
500	6.5	2586
501	6	2592.5
502	4	2598.5
503	4	2602.5
504	6	2606.5
505	4	2612.5
506	5	2616.5
507	6	2621.5
508	5.5	2627.5
509	5.5	2633
510	5.5	2638.5
511	5	2644
512	7	2649
513	5.5	2656
514	5.5	2661.5
515	5	2667
516	4	2672
517	2	2676
518	3.5	2678
519	3	2681.5
520	5	2684.5
521	5	2689.5
522	4.5	2694.5
523	3	2699
524	5	2702
525	4.5	2707
526	6	2711.5
527	3.5	2717.5
528	5	2721
529	4	2726
530	4.5	2730
531	5.5	2734.5
532	5	2740
533	4	2745
534	4	2749
535	4	2753
536	3.5	2757
537	5	2760.5
538	5.5	2765.5
539	4.5	2771
540	5	2775.5
541	4.5	2780.5
542	4	2785
543	4.5	2789
544	4.5	2793.5
545	5	2798
546	4	2803
547	5.5	2807
548	5	2812.5
549	6	2817.5
550	6.5	2823.5
551	5	2830
552	5	2835
553	6	2840
554	4.5	2846
555	5	2850.5
556	5.5	2855.5
557	4.5	2861
558	4.5	2865.5
559	6.5	2870
560	5.5	2876.5
561	5	2882
562	5.5	2887
563	5	2892.5
564	2.5	2897.5
565	5	2900
566	5.5	2905
567	5.5	2910.5
568	5.5	2916
569	3	2921.5
570	5.5	2924.5
571	3.5	2930
572	4	2933.5
573	4.5	2937.5
574	4.5	2942
575	4.5	2946.5
576	6	2951
577	4.5	2957
578	5	2961.5
579	5.5	2966.5
580	5.5	2972
581	5.5	2977.5
582	6	2983
583	4	2989
584	5	2993
585	6	2998
586	4.5	3004
587	6.5	3008.5
588	5.5	3015
589	5.5	3020.5
590	4	3026
591	5.5	3030
592	5	3035.5
593	6.5	3040.5
594	7	3047
595	6	3054
596	6	3060
597	4	3066
598	5	3070
599	5.5	3075
600	2	3080.5
601	6	3082.5
602	4.5	3088.5
603	5.5	3093
604	6.5	3098.5
605	4	3105
606	6	3109
607	6.5	3115
608	5.5	3121.5
609	6	3127
610	5.5	3133
611	7	3138.5
612	6.5	3145.5
613	6	3152
614	5.5	3158
615	6	3163.5
616	7	3169.5
617	7	3176.5
618	6.5	3183.5
619	5	3190
620	7	3195
621	6.5	3202
622	6	3208.5
623	6	3214.5
624	3.5	3220.5
625	4.5	3224
626	5	3228.5
627	4.5	3233.5
628	4	3238
629	4	3242
630	5.5	3246
631	5	3251.5
632	5	3256.5
633	5.5	3261.5
634	7	3267
635	7	3274
636	5	3281
637	4.5	3286
638	5	3290.5
639	5	3295.5
640	5	3300.5
641	7	3305.5
642	4.5	3312.5
643	4.5	3317
644	5.5	3321.5
645	7	3327
646	5	3334
647	6	3339
648	7	3345
649	6	3352
650	4	3358
651	3.5	3362
652	6.5	3365.5
653	4	3372
654	6	3376
655	4	3382
656	5.5	3386
657	6	3391.5
658	4	3397.5
659	5	3401.5
660	5	3406.5
661	6.5	3411.5
662	2.5	3418
663	4.5	3420.5
664	1.5	3425
665	4.5	3426.5
666	4.5	3431
667	3.5	3435.5
668	5.5	3439
669	5.5	3444.5
670	5.5	3450
671	4.5	3455.5
672	6.5	3460
673	5	3466.5
674	5	3471.5
675	5.5	3476.5
676	6	3482
677	5	3488
678	4	3493
679	5	3497
680	5	3502
681	0.5	3507
682	3.5	3507.5
683	4.5	3511
684	5.5	3515.5
685	6	3521
686	5.5	3527
687	5	3532.5
688	5	3537.5
689	6	3542.5
690	6	3548.5
691	5	3554.5
692	5	3559.5
693	6	3564.5
694	6	3570.5
695	6	3576.5
696	3	3582.5
697	5	3585.5
698	5	3590.5
699	4	3595.5
700	3.5	3599.5
701	4	3603
702	4.5	3607
703	3	3611.5
704	4.5	3614.5
705	4.5	3619
706	4.5	3623.5
707	4.5	3628
708	5	3632.5
709	5	3637.5
710	5.5	3642.5
711	5	3648
712	5	3653
713	5	3658
714	5.5	3663
715	6	3668.5
716	6	3674.5
717	5	3680.5
718	6	3685.5
719	5.5	3691.5
720	6.5	3697
721	6	3703.5
722	7	3709.5
723	4.5	3716.5
724	6	3721
725	5.5	3727
726	4.5	3732.5
727	6	3737
728	6	3743
729	6	3749
730	4	3755
731	4	3759
732	5.5	3763
733	5.5	3768.5
734	5.5	3774
735	5.5	3779.5
736	4	3785
737	4.5	3789
738	5	3793.5
739	5.5	3798.5
740	4.5	3804
741	3.5	3808.5
742	5.5	3812
743	5	3817.5
744	5.5	3822.5
745	4.5	3828
746	5	3832.5
747	6	3837.5
748	5.5	3843.5
749	7	3849
750	7.5	3856
751	6.5	3863.5
752	6.5	3870
753	5.5	3876.5
754	6.5	3882
755	4	3888.5
756	6	3892.5
757	5.5	3898.5
758	6.5	3904
759	5.5	3910.5
760	5	3916
761	4.5	3921
762	5.5	3925.5
763	6.5	3931
764	6	3937.5
765	5.5	3943.5
766	5.5	3949
767	5.5	3954.5
768	5	3960
769	3	3965
770	3.5	3968
771	5	3971.5
772	6	3976.5
773	7	3982.5
774	5.5	3989.5
775	5.5	3995
776	6	4000.5
777	6.5	4006.5
778	6.5	4013
779	2.5	4019.5
780	5	4022
781	5.5	4027
782	4.5	4032.5
783	4.5	4037
784	6.5	4041.5
785	5	4048
786	5	4053
787	6	4058
788	5	4064
789	4.5	4069
]


Graus_dias_mensal = [Dados_graus_dias_diario[30*i,3] for i in 1:21]
