
Dados_graus_dias_diario = [
1	4.2	0
2	4.2	8.4
3	4.2	12.6
4	3.9	16.8
5	4.4	20.7
6	5.3	25.1
7	4.4	30.4
8	4.4	34.8
9	3.8	39.2
10	4.2	43
11	4.2	47.2
12	4.1	51.4
13	4	55.5
14	4.4	59.5
15	4.6	63.9
16	4.1	68.5
17	4.2	72.6
18	4.5	76.8
19	4.9	81.3
20	4.3	86.2
21	4.7	90.5
22	5.2	95.2
23	5.3	100.4
24	5.6	105.7
25	4.4	111.3
26	3.9	115.7
27	3.9	119.6
28	3.9	123.5
29	4	127.4
30	4.6	131.4
31	4.7	136
32	4.7	140.7
33	4.8	145.4
34	4.5	150.2
35	4.8	154.7
36	5.6	159.5
37	5.1	165.1
38	4.8	170.2
39	4.9	175
40	4.3	179.9
41	4.5	184.2
42	4	188.7
43	3.8	192.7
44	3.6	196.5
45	3.1	200.1
46	3.8	203.2
47	4	207
48	3.5	211
49	4.5	214.5
50	5.5	219
51	4.8	224.5
52	4.9	229.3
53	5.2	234.2
54	5.5	239.4
55	4.3	244.9
56	4.6	249.2
57	5.3	253.8
58	4.9	259.1
59	5.2	264
60	5.3	269.2
61	4.5	274.5
62	4.8	279
63	4.8	283.8
64	4.4	288.6
65	5.1	293
66	5	298.1
67	5	303.1
68	5.3	308.1
69	5	313.4
70	5.1	318.4
71	4.9	323.5
72	5.1	328.4
73	4.8	333.5
74	4	338.3
75	4.1	342.3
76	3.9	346.4
77	4	350.3
78	4.6	354.3
79	4.6	358.9
80	3.6	363.5
81	3.8	367.1
82	4.2	370.9
83	4.2	375.1
84	4.2	379.3
85	3.1	383.5
86	3.3	386.6
87	3.8	389.9
88	4.1	393.7
89	3.9	397.8
90	4.4	401.7
91	5.1	406.1
92	4.5	411.2
93	3.6	415.7
94	3.3	419.3
95	3	422.6
96	3.6	425.6
97	3.2	429.2
98	3.8	432.4
99	4.5	436.2
100	4.3	440.7
101	4.2	445
102	4.5	449.2
103	4	453.7
104	4.2	457.7
105	3.9	461.9
106	4	465.8
107	3.4	469.8
108	3.2	473.2
109	3.1	476.4
110	2.5	479.5
111	2.5	482
112	2.8	484.5
113	3.6	487.3
114	4.1	490.9
115	3.8	495
116	3.4	498.8
117	2.7	502.2
118	2.9	504.9
119	2.9	507.8
120	3.3	510.7
121	3.1	514
122	3	517.1
123	2.9	520.1
124	2.3	523
125	1.8	525.3
126	1.9	527.1
127	1.4	529
128	1	530.4
129	1.1	531.4
130	1.6	532.5
131	1.6	534.1
132	1.7	535.7
133	1.9	537.4
134	1.8	539.3
135	1.8	541.1
136	1.3	542.9
137	1.9	544.2
138	1.5	546.1
139	1.5	547.6
140	1.4	549.1
141	1	550.5
142	0.7	551.5
143	0.6	552.2
144	0.4	552.8
145	0.6	553.2
146	1.2	553.8
147	1	555
148	1	556
149	1.3	557
150	1.2	558.3
151	1.3	559.5
152	0.8	560.8
153	1.1	561.6
154	1.2	562.7
155	1.2	563.9
156	1	565.1
157	1.2	566.1
158	1.2	567.3
159	1.1	568.5
160	1.4	569.6
161	1.4	571
162	1.5	572.4
163	1.5	573.9
164	1.8	575.4
165	1.6	577.2
166	1.3	578.8
167	1.4	580.1
168	1.4	581.5
169	1	582.9
170	1.3	583.9
171	0.9	585.2
172	1.3	586.1
173	0.9	587.4
174	1	588.3
175	1.1	589.3
176	1.6	590.4
177	1.2	592
178	1.2	593.2
179	1.1	594.4
180	1.2	595.5
181	1.3	596.7
182	1	598
183	1.5	599
184	1.9	600.5
185	1.8	602.4
186	1.3	604.2
187	1.1	605.5
188	1	606.6
189	1.7	607.6
190	1.2	609.3
191	1.3	610.5
192	1.5	611.8
193	0.7	613.3
194	0.6	614
195	0.8	614.6
196	1.1	615.4
197	1.7	616.5
198	1.2	618.2
199	1	619.4
200	1.2	620.4
201	1.9	621.6
202	1.9	623.5
203	1.1	625.4
204	1.4	626.5
205	1.4	627.9
206	1.6	629.3
207	1.5	630.9
208	1.5	632.4
209	1.4	633.9
210	1.4	635.3
211	2.1	636.7
212	1.8	638.8
213	1.9	640.6
214	1.3	642.5
215	1.5	643.8
216	1.9	645.3
217	1.8	647.2
218	1.8	649
219	2.4	650.8
220	1.9	653.2
221	1.7	655.1
222	1.5	656.8
223	1.4	658.3
224	1.8	659.7
225	2	661.5
226	2.2	663.5
227	2.4	665.7
228	2.5	668.1
229	1.7	670.6
230	2.3	672.3
231	2.5	674.6
232	2.6	677.1
233	2.6	679.7
234	3.1	682.3
235	3.4	685.4
236	3.2	688.8
237	2.3	692
238	2.5	694.3
239	3.2	696.8
240	3	700
241	2.7	703
242	2.8	705.7
243	2.9	708.5
244	2.8	711.4
245	2.5	714.2
246	3.1	716.7
247	3.1	719.8
248	2.3	722.9
249	3.2	725.2
250	3.2	728.4
251	3.3	731.6
252	3.3	734.9
253	3.4	738.2
254	2.2	741.6
255	2	743.8
256	2.1	745.8
257	2.1	747.9
258	2.8	750
259	2.3	752.8
260	1.6	755.1
261	1.8	756.7
262	2.6	758.5
263	2.8	761.1
264	3.2	763.9
265	2.4	767.1
266	2.5	769.5
267	3.2	772
268	2.4	775.2
269	1.8	777.6
270	1.9	779.4
271	3.5	781.3
272	3.5	784.8
273	3	788.3
274	2.6	791.3
275	2.3	793.9
276	2.2	796.2
277	3.6	798.4
278	4.3	802
279	3.1	806.3
280	3.4	809.4
281	2.9	812.8
282	3.6	815.7
283	4.1	819.3
284	4	823.4
285	3.6	827.4
286	5	831
287	4.2	836
288	4.2	840.2
289	3.3	844.4
290	3	847.7
291	3	850.7
292	3.1	853.7
293	3	856.8
294	2.8	859.8
295	2.2	862.6
296	2.8	864.8
297	3.8	867.6
298	3.7	871.4
299	3.7	875.1
300	3.1	878.8
301	3.6	881.9
302	3.7	885.5
303	3.2	889.2
304	3.6	892.4
305	3.4	896
306	2.9	899.4
307	3.9	902.3
308	3.2	906.2
309	2.9	909.4
310	2.8	912.3
311	3.5	915.1
312	3.6	918.6
313	3.9	922.2
314	4.6	926.1
315	4.3	930.7
316	3.5	935
317	2.2	938.5
318	3	940.7
319	3.1	943.7
320	3.5	946.8
321	3.1	950.3
322	3.2	953.4
323	3	956.6
324	4	959.6
325	4.6	963.6
326	3.4	968.2
327	4.4	971.6
328	4.7	976
329	4.7	980.7
330	3.4	985.4
331	4.7	988.8
332	4.2	993.5
333	4	997.7
334	3.3	1001.7
335	3.3	1005
336	3.5	1008.3
337	3.8	1011.8
338	4	1015.6
339	4.6	1019.6
340	4.7	1024.2
341	3.7	1028.9
342	3.7	1032.6
343	3.7	1036.3
344	3.7	1040
345	3.7	1043.7
346	3.7	1047.4
347	3.5	1051.1
348	3.9	1054.6
349	5.1	1058.5
350	5.9	1063.6
351	4.9	1069.5
352	4	1074.4
353	4.8	1078.4
354	5.1	1083.2
355	4.2	1088.3
356	4.4	1092.5
357	3.9	1096.9
358	4.5	1100.8
359	3.9	1105.3
360	4	1109.2
361	4	1113.2
362	4.5	1117.2
363	4.6	1121.7
364	5.1	1126.3
365	5.9	1131.4
366	4.2	1137.3
367	4.2	1141.5
368	4.2	1145.7
369	3.9	1149.9
370	4.4	1153.8
371	5.3	1158.2
372	4.4	1163.5
373	4.4	1167.9
374	3.8	1172.3
375	4.2	1176.1
376	4.2	1180.3
377	4.1	1184.5
378	4	1188.6
379	4.4	1192.6
380	4.6	1197
381	4.1	1201.6
382	4.2	1205.7
383	4.5	1209.9
384	4.9	1214.4
385	4.3	1219.3
386	4.7	1223.6
387	5.2	1228.3
388	5.3	1233.5
389	5.6	1238.8
390	4.4	1244.4
391	3.9	1248.8
392	3.9	1252.7
393	3.9	1256.6
394	4	1260.5
395	4.6	1264.5
396	4.7	1269.1
397	4.7	1273.8
398	4.8	1278.5
399	4.5	1283.3
400	4.8	1287.8
401	5.6	1292.6
402	5.1	1298.2
403	4.8	1303.3
404	4.9	1308.1
405	4.3	1313
406	4.5	1317.3
407	4	1321.8
408	3.8	1325.8
409	3.6	1329.6
410	3.1	1333.2
411	3.8	1336.3
412	4	1340.1
413	3.5	1344.1
414	4.5	1347.6
415	5.5	1352.1
416	4.8	1357.6
417	4.9	1362.4
418	5.2	1367.3
419	5.5	1372.5
420	4.3	1378
421	4.6	1382.3
422	5.3	1386.9
423	4.9	1392.2
424	5.2	1397.1
425	5.3	1402.3
426	4.5	1407.6
427	4.8	1412.1
428	4.8	1416.9
429	4.4	1421.7
430	5.1	1426.1
431	5	1431.2
432	5	1436.2
433	5.3	1441.2
434	5	1446.5
435	5.1	1451.5
436	4.9	1456.6
437	5.1	1461.5
438	4.8	1466.6
439	4	1471.4
440	4.1	1475.4
441	3.9	1479.5
442	4	1483.4
443	4.6	1487.4
444	4.6	1492
445	3.6	1496.6
446	3.8	1500.2
447	4.2	1504
448	4.2	1508.2
449	4.2	1512.4
450	3.1	1516.6
451	3.3	1519.7
452	3.8	1523
453	4.1	1526.8
454	3.9	1530.9
455	4.4	1534.8
456	5.1	1539.2
457	4.5	1544.3
458	3.6	1548.8
459	3.3	1552.4
460	3	1555.7
461	3.6	1558.7
462	3.2	1562.3
463	3.8	1565.5
464	4.5	1569.3
465	4.3	1573.8
466	4.2	1578.1
467	4.5	1582.3
468	4	1586.8
469	4.2	1590.8
470	3.9	1595
471	4	1598.9
472	3.4	1602.9
473	3.2	1606.3
474	3.1	1609.5
475	2.5	1612.6
476	2.5	1615.1
477	2.8	1617.6
478	3.6	1620.4
479	4.1	1624
480	3.8	1628.1
481	3.4	1631.9
482	2.7	1635.3
483	2.9	1638
484	2.9	1640.9
485	3.3	1643.8
486	3.1	1647.1
487	3	1650.2
488	2.9	1653.2
489	2.3	1656.1
490	1.8	1658.4
491	1.9	1660.2
492	1.4	1662.1
493	1	1663.5
494	1.1	1664.5
495	1.6	1665.6
496	1.6	1667.2
497	1.7	1668.8
498	1.9	1670.5
499	1.8	1672.4
500	1.8	1674.2
501	1.3	1676
502	1.9	1677.3
503	1.5	1679.2
504	1.5	1680.7
505	1.4	1682.2
506	1	1683.6
507	0.7	1684.6
508	0.6	1685.3
509	0.4	1685.9
510	0.6	1686.3
511	1.2	1686.9
512	1	1688.1
513	1	1689.1
514	1.3	1690.1
515	1.2	1691.4
516	1.3	1692.6
517	0.8	1693.9
518	1.1	1694.7
519	1.2	1695.8
520	1.2	1697
521	1	1698.2
522	1.2	1699.2
523	1.2	1700.4
524	1.1	1701.6
525	1.4	1702.7
526	1.4	1704.1
527	1.5	1705.5
528	1.5	1707
529	1.8	1708.5
530	1.6	1710.3
531	1.3	1711.9
532	1.4	1713.2
533	1.4	1714.6
534	1	1716
535	1.3	1717
536	0.9	1718.3
537	1.3	1719.2
538	0.9	1720.5
539	1	1721.4
540	1.1	1722.4
541	1.6	1723.5
542	1.2	1725.1
543	1.2	1726.3
544	1.1	1727.5
545	1.2	1728.6
546	1.3	1729.8
547	1	1731.1
548	1.5	1732.1
549	1.9	1733.6
550	1.8	1735.5
551	1.3	1737.3
552	1.1	1738.6
553	1	1739.7
554	1.7	1740.7
555	1.2	1742.4
556	1.3	1743.6
557	1.5	1744.9
558	0.7	1746.4
559	0.6	1747.1
560	0.8	1747.7
561	1.1	1748.5
562	1.7	1749.6
563	1.2	1751.3
564	1	1752.5
565	1.2	1753.5
566	1.9	1754.7
567	1.9	1756.6
568	1.1	1758.5
569	1.4	1759.6
570	1.4	1761
571	1.6	1762.4
572	1.5	1764
573	1.5	1765.5
574	1.4	1767
575	1.4	1768.4
576	2.1	1769.8
577	1.8	1771.9
578	1.9	1773.7
579	1.3	1775.6
580	1.5	1776.9
581	1.9	1778.4
582	1.8	1780.3
583	1.8	1782.1
584	2.4	1783.9
585	1.9	1786.3
586	1.7	1788.2
587	1.5	1789.9
588	1.4	1791.4
589	1.8	1792.8
590	2	1794.6
591	2.2	1796.6
592	2.4	1798.8
593	2.5	1801.2
594	1.7	1803.7
595	2.3	1805.4
596	2.5	1807.7
597	2.6	1810.2
598	2.6	1812.8
599	3.1	1815.4
600	3.4	1818.5
601	3.2	1821.9
602	2.3	1825.1
603	2.5	1827.4
604	3.2	1829.9
605	3	1833.1
606	2.7	1836.1
607	2.8	1838.8
608	2.9	1841.6
609	2.8	1844.5
610	2.5	1847.3
611	3.1	1849.8
612	3.1	1852.9
613	2.3	1856
614	3.2	1858.3
615	3.2	1861.5
616	3.3	1864.7
617	3.3	1868
618	3.4	1871.3
619	2.2	1874.7
620	2	1876.9
621	2.1	1878.9
622	2.1	1881
623	2.8	1883.1
624	2.3	1885.9
625	1.6	1888.2
626	1.8	1889.8
627	2.6	1891.6
628	2.8	1894.2
629	3.2	1897
630	2.4	1900.2
631	2.5	1902.6
632	3.2	1905.1
633	2.4	1908.3
634	1.8	1910.7
635	1.9	1912.5
636	3.5	1914.4
637	3.5	1917.9
638	3	1921.4
]

Graus_dias_mensal = [Dados_graus_dias_diario[30*i,3] for i in 1:21]
